2 0.544375 0.8725 0.134375 0.255
2 0.36125 0.650625 0.120625 0.2625
2 0.1275 0.17 0.070625 0.0775
2 0.0275 0.2275 0.055 0.1325
5 0.311875 0.885625 0.183125 0.22875
5 0.271875 0.723125 0.143125 0.22875
5 0.675625 0.683125 0.184375 0.28
5 0.55 0.73 0.145 0.206875
5 0.476875 0.616875 0.16 0.254375
5 0.52625 0.53875 0.131875 0.21
5 0.24875 0.50125 0.120625 0.196875
5 0.064375 0.659375 0.128125 0.186875
5 0.249375 0.4825 0.124375 0.1875
5 0.34875 0.425625 0.096875 0.13875
5 0.38625 0.499375 0.11875 0.138125
5 0.78625 0.51875 0.171875 0.218125
5 0.908125 0.513125 0.145 0.170625
5 0.706875 0.42125 0.129375 0.164375
5 0.61625 0.33625 0.091875 0.14375
5 0.7175 0.326875 0.119375 0.160625
5 0.790625 0.281875 0.125625 0.15
5 0.856875 0.24125 0.095625 0.160625
5 0.72375 0.20875 0.079375 0.130625
5 0.57 0.2875 0.091875 0.135