2 0.455625 0.8725 0.134375 0.255
2 0.63875 0.650625 0.120625 0.2625
2 0.8725 0.17 0.070625 0.0775
2 0.9725 0.2275 0.055 0.1325
5 0.688125 0.885625 0.183125 0.22875
5 0.728125 0.723125 0.143125 0.22875
5 0.324375 0.683125 0.184375 0.28
5 0.45 0.73 0.145 0.206875
5 0.523125 0.616875 0.16 0.254375
5 0.47375 0.53875 0.131875 0.21
5 0.75125 0.50125 0.120625 0.196875
5 0.935625 0.659375 0.128125 0.186875
5 0.750625 0.4825 0.124375 0.1875
5 0.65125 0.425625 0.096875 0.13875
5 0.61375 0.499375 0.11875 0.138125
5 0.21375 0.51875 0.171875 0.218125
5 0.091875 0.513125 0.145 0.170625
5 0.293125 0.42125 0.129375 0.164375
5 0.38375 0.33625 0.091875 0.14375
5 0.2825 0.326875 0.119375 0.160625
5 0.209375 0.281875 0.125625 0.15
5 0.143125 0.24125 0.095625 0.160625
5 0.27625 0.20875 0.079375 0.130625
5 0.43 0.2875 0.091875 0.135