5 0.6625 0.805625 0.135 0.2625
5 0.334375 0.86625 0.143125 0.22625
5 0.513125 0.906875 0.15 0.18625
5 0.365625 0.66125 0.12625 0.175625
5 0.393125 0.5375 0.119375 0.12875
5 0.523125 0.581875 0.079375 0.1775
5 0.6675 0.619375 0.11875 0.19125
5 0.505 0.4325 0.0775 0.136875
5 0.865 0.939375 0.201875 0.120625
5 0.248125 0.195625 0.076875 0.0975
5 0.315625 0.2475 0.0625 0.1225
5 0.38875 0.13 0.054375 0.0825
5 0.31625 0.114375 0.049375 0.08625
5 0.7175 0.414375 0.105 0.131875
4 0.878125 0.7075 0.2375 0.585
5 0.835625 0.21125 0.05 0.0825
5 0.654375 0.221875 0.055625 0.096875
5 0.650625 0.274375 0.063125 0.113125
5 0.39 0.4225 0.095 0.091875
5 0.203125 0.076875 0.058125 0.064375
3 0.251875 0.33625 0.035 0.12625
3 0.1125 0.25625 0.038125 0.0725
3 0.6125 0.42375 0.021875 0.07375
3 0.6425 0.3975 0.03875 0.06125
3 0.449375 0.485 0.023125 0.095625
3 0.6875 0.345625 0.030625 0.08875
2 0.905625 0.301875 0.065 0.103125
2 0.58875 0.291875 0.045625 0.09875
2 0.975625 0.305625 0.04875 0.1275