5 0.3375 0.805625 0.135 0.2625
5 0.665625 0.86625 0.143125 0.22625
5 0.486875 0.906875 0.15 0.18625
5 0.634375 0.66125 0.12625 0.175625
5 0.606875 0.5375 0.119375 0.12875
5 0.476875 0.581875 0.079375 0.1775
5 0.3325 0.619375 0.11875 0.19125
5 0.495 0.4325 0.0775 0.136875
5 0.135 0.939375 0.201875 0.120625
5 0.751875 0.195625 0.076875 0.0975
5 0.684375 0.2475 0.0625 0.1225
5 0.61125 0.13 0.054375 0.0825
5 0.68375 0.114375 0.049375 0.08625
5 0.2825 0.414375 0.105 0.131875
4 0.121875 0.7075 0.2375 0.585
5 0.164375 0.21125 0.05 0.0825
5 0.345625 0.221875 0.055625 0.096875
5 0.349375 0.274375 0.063125 0.113125
5 0.61 0.4225 0.095 0.091875
5 0.796875 0.076875 0.058125 0.064375
3 0.748125 0.33625 0.035 0.12625
3 0.8875 0.25625 0.038125 0.0725
3 0.3875 0.42375 0.021875 0.07375
3 0.3575 0.3975 0.03875 0.06125
3 0.550625 0.485 0.023125 0.095625
3 0.3125 0.345625 0.030625 0.08875
2 0.094375 0.301875 0.065 0.103125
2 0.41125 0.291875 0.045625 0.09875
2 0.024375 0.305625 0.04875 0.1275