5 0.224375 0.728125 0.11875 0.223125
5 0.424375 0.605625 0.104375 0.19
5 0.31875 0.77125 0.1025 0.25875
5 0.07625 0.735625 0.10625 0.2125
5 0.186875 0.555 0.089375 0.154375
5 0.546875 0.8525 0.12375 0.229375
5 0.9525 0.62375 0.095 0.191875
5 0.404375 0.900625 0.154375 0.19875
5 0.5375 0.51375 0.065625 0.1475
5 0.3575 0.54875 0.095625 0.141875
5 0.3675 0.33875 0.05 0.09
5 0.45125 0.3425 0.0325 0.0825
5 0.415625 0.395625 0.06625 0.0775
3 0.83 0.695 0.054375 0.16125
3 0.43125 0.758125 0.06625 0.13125
3 0.88125 0.968125 0.06875 0.06375
3 0.63875 0.970625 0.05 0.058125
3 0.849375 0.463125 0.0475 0.1275
3 0.671875 0.43 0.041875 0.07625
3 0.29625 0.433125 0.029375 0.0625
3 0.324375 0.405625 0.018125 0.0575
3 0.556875 0.423125 0.021875 0.078125
3 0.525625 0.42 0.025 0.060625
2 0.783125 0.373125 0.038125 0.098125
2 0.86 0.39125 0.054375 0.08625