5 0.709375 0.84375 0.08375 0.16
5 0.57375 0.810625 0.093125 0.12875
5 0.37375 0.911875 0.11125 0.1425
5 0.523125 0.955 0.115625 0.080625
5 0.453125 0.753125 0.11 0.136875
5 0.505625 0.651875 0.075 0.086875
5 0.613125 0.689375 0.076875 0.116875
5 0.6525 0.593125 0.059375 0.06125
5 0.59875 0.515 0.04875 0.07375
5 0.7575 0.53875 0.076875 0.095625
5 0.7375 0.691875 0.086875 0.100625
5 0.65125 0.574375 0.06625 0.049375
5 0.596875 0.5075 0.046875 0.089375
5 0.683125 0.518125 0.070625 0.100625
5 0.748125 0.513125 0.05875 0.121875
5 0.623125 0.450625 0.06 0.08375
5 0.18875 0.80375 0.11375 0.16625
5 0.045 0.80625 0.089375 0.145625
5 0.1075 0.656875 0.09125 0.1175
5 0.154375 0.711875 0.083125 0.109375
5 0.231875 0.646875 0.076875 0.108125