5 0.290625 0.84375 0.08375 0.16
5 0.42625 0.810625 0.093125 0.12875
5 0.62625 0.911875 0.11125 0.1425
5 0.476875 0.955 0.115625 0.080625
5 0.546875 0.753125 0.11 0.136875
5 0.494375 0.651875 0.075 0.086875
5 0.386875 0.689375 0.076875 0.116875
5 0.3475 0.593125 0.059375 0.06125
5 0.40125 0.515 0.04875 0.07375
5 0.2425 0.53875 0.076875 0.095625
5 0.2625 0.691875 0.086875 0.100625
5 0.34875 0.574375 0.06625 0.049375
5 0.403125 0.5075 0.046875 0.089375
5 0.316875 0.518125 0.070625 0.100625
5 0.251875 0.513125 0.05875 0.121875
5 0.376875 0.450625 0.06 0.08375
5 0.81125 0.80375 0.11375 0.16625
5 0.955 0.80625 0.089375 0.145625
5 0.8925 0.656875 0.09125 0.1175
5 0.845625 0.711875 0.083125 0.109375
5 0.768125 0.646875 0.076875 0.108125