5 0.634375 0.80625 0.115 0.193125
5 0.75 0.755 0.1025 0.181875
5 0.474375 0.90875 0.103125 0.1825
5 0.4725 0.733125 0.125 0.183125
5 0.271875 0.695625 0.1525 0.221875
5 0.060625 0.885 0.12125 0.23
5 0.353125 0.60625 0.115625 0.166875
5 0.448125 0.640625 0.09875 0.135
5 0.60625 0.695 0.0925 0.09875
5 0.75875 0.640625 0.099375 0.156875
5 0.7375 0.521875 0.063125 0.088125
5 0.463125 0.556875 0.068125 0.15375
5 0.36375 0.59875 0.091875 0.141875
5 0.098125 0.67625 0.096875 0.1875
5 0.063125 0.89875 0.12625 0.2025
2 0.21875 0.93625 0.104375 0.1275
3 0.57 0.92625 0.06 0.1425
3 0.639375 0.91 0.040625 0.105625
5 0.6275 0.624375 0.08375 0.098125
5 0.60375 0.543125 0.07625 0.121875
5 0.20625 0.54125 0.079375 0.10875
5 0.345 0.501875 0.078125 0.085
5 0.49125 0.48875 0.070625 0.071875
5 0.535625 0.434375 0.049375 0.10375
5 0.705 0.448125 0.0725 0.10875
5 0.719375 0.504375 0.068125 0.1125
5 0.68 0.95875 0.135625 0.0825
5 0.441875 0.43 0.0525 0.086875
5 0.300625 0.386875 0.030625 0.081875