2 0.2575 0.713125 0.076875 0.14
2 0.081875 0.604375 0.085 0.1225
2 0.189375 0.671875 0.079375 0.138125
2 0.275625 0.503125 0.068125 0.103125
2 0.18375 0.49375 0.071875 0.12625
2 0.25375 0.60375 0.064375 0.103125
2 0.386875 0.54875 0.069375 0.121875
2 0.693125 0.595 0.045 0.141875
2 0.543125 0.281875 0.04 0.099375
2 0.58375 0.279375 0.040625 0.0725
2 0.950625 0.82 0.088125 0.199375
2 0.864375 0.725625 0.095 0.15625
2 0.808125 0.635 0.055625 0.13625
5 0.6225 0.626875 0.068125 0.141875
5 0.6325 0.53125 0.065625 0.1125
5 0.58625 0.423125 0.058125 0.12125