2 0.7425 0.713125 0.076875 0.14
2 0.918125 0.604375 0.085 0.1225
2 0.810625 0.671875 0.079375 0.138125
2 0.724375 0.503125 0.068125 0.103125
2 0.81625 0.49375 0.071875 0.12625
2 0.74625 0.60375 0.064375 0.103125
2 0.613125 0.54875 0.069375 0.121875
2 0.306875 0.595 0.045 0.141875
2 0.456875 0.281875 0.04 0.099375
2 0.41625 0.279375 0.040625 0.0725
2 0.049375 0.82 0.088125 0.199375
2 0.135625 0.725625 0.095 0.15625
2 0.191875 0.635 0.055625 0.13625
5 0.3775 0.626875 0.068125 0.141875
5 0.3675 0.53125 0.065625 0.1125
5 0.41375 0.423125 0.058125 0.12125