5 0.635625 0.85375 0.159375 0.229375
5 0.4125 0.83 0.169375 0.216875
5 0.6375 0.765 0.130625 0.209375
5 0.939375 0.82375 0.120625 0.30375
5 0.816875 0.706875 0.13 0.214375
5 0.71625 0.6225 0.113125 0.15875
5 0.721875 0.503125 0.093125 0.153125
5 0.806875 0.50125 0.109375 0.1025
5 0.89 0.420625 0.08375 0.148125
5 0.118125 0.810625 0.149375 0.183125
5 0.21875 0.763125 0.115625 0.1725
5 0.068125 0.7275 0.1225 0.129375
5 0.313125 0.68125 0.0975 0.131875
5 0.47875 0.549375 0.088125 0.12125
5 0.17125 0.54625 0.051875 0.103125
5 0.28625 0.545625 0.1 0.118125
5 0.075625 0.4825 0.065625 0.104375
5 0.9375 0.79625 0.125 0.2675
5 0.73 0.50625 0.083125 0.156875
2 0.94625 0.48875 0.075625 0.15625
2 0.9725 0.913125 0.055 0.17375