5 0.264375 0.9275 0.106875 0.144375
5 0.418125 0.85375 0.088125 0.17875
5 0.26875 0.7775 0.100625 0.131875
5 0.41875 0.68875 0.093125 0.133125
5 0.103125 0.808125 0.120625 0.14
5 0.0725 0.915 0.1 0.128125
5 0.37 0.51125 0.0625 0.131875
5 0.565 0.640625 0.09875 0.1
5 0.53625 0.926875 0.09125 0.135625
5 0.533125 0.816875 0.105 0.121875
5 0.516875 0.721875 0.0875 0.105
5 0.285 0.689375 0.085625 0.081875
5 0.470625 0.548125 0.085 0.141875
5 0.14875 0.6975 0.091875 0.108125
5 0.766875 0.700625 0.080625 0.120625
5 0.694375 0.661875 0.09125 0.12625
2 0.640625 0.754375 0.06 0.116875
2 0.684375 0.910625 0.083125 0.134375
5 0.285 0.548125 0.074375 0.078125
2 0.935625 0.9025 0.07875 0.176875
5 0.823125 0.611875 0.0675 0.11125