5 0.735625 0.9275 0.106875 0.144375
5 0.581875 0.85375 0.088125 0.17875
5 0.73125 0.7775 0.100625 0.131875
5 0.58125 0.68875 0.093125 0.133125
5 0.896875 0.808125 0.120625 0.14
5 0.9275 0.915 0.1 0.128125
5 0.63 0.51125 0.0625 0.131875
5 0.435 0.640625 0.09875 0.1
5 0.46375 0.926875 0.09125 0.135625
5 0.466875 0.816875 0.105 0.121875
5 0.483125 0.721875 0.0875 0.105
5 0.715 0.689375 0.085625 0.081875
5 0.529375 0.548125 0.085 0.141875
5 0.85125 0.6975 0.091875 0.108125
5 0.233125 0.700625 0.080625 0.120625
5 0.305625 0.661875 0.09125 0.12625
2 0.359375 0.754375 0.06 0.116875
2 0.315625 0.910625 0.083125 0.134375
5 0.715 0.548125 0.074375 0.078125
2 0.064375 0.9025 0.07875 0.176875
5 0.176875 0.611875 0.0675 0.11125