5 0.510625 0.82875 0.196875 0.341875
5 0.239375 0.8275 0.21625 0.345
5 0.544375 0.4925 0.13875 0.25125
5 0.346875 0.575 0.15875 0.25375
5 0.754375 0.483125 0.1225 0.225
5 0.61375 0.396875 0.095625 0.17125
5 0.493125 0.33375 0.1075 0.174375
5 0.714375 0.325 0.091875 0.18875
5 0.65375 0.27125 0.0925 0.134375
5 0.394375 0.291875 0.14375 0.171875
5 0.543125 0.234375 0.07875 0.1425
5 0.705625 0.1725 0.07375 0.115625
5 0.516875 0.175625 0.070625 0.136875
5 0.594375 0.193125 0.069375 0.133125
2 0.86 0.2925 0.08125 0.15125
2 0.168125 0.528125 0.185625 0.228125
2 0.341875 0.1125 0.0475 0.146875
2 0.779375 0.1975 0.058125 0.155
2 0.835 0.12375 0.03625 0.100625
2 0.86125 0.085 0.054375 0.04125
3 0.40375 0.125625 0.03125 0.104375