5 0.489375 0.82875 0.196875 0.341875
5 0.760625 0.8275 0.21625 0.345
5 0.455625 0.4925 0.13875 0.25125
5 0.653125 0.575 0.15875 0.25375
5 0.245625 0.483125 0.1225 0.225
5 0.38625 0.396875 0.095625 0.17125
5 0.506875 0.33375 0.1075 0.174375
5 0.285625 0.325 0.091875 0.18875
5 0.34625 0.27125 0.0925 0.134375
5 0.605625 0.291875 0.14375 0.171875
5 0.456875 0.234375 0.07875 0.1425
5 0.294375 0.1725 0.07375 0.115625
5 0.483125 0.175625 0.070625 0.136875
5 0.405625 0.193125 0.069375 0.133125
2 0.14 0.2925 0.08125 0.15125
2 0.831875 0.528125 0.185625 0.228125
2 0.658125 0.1125 0.0475 0.146875
2 0.220625 0.1975 0.058125 0.155
2 0.165 0.12375 0.03625 0.100625
2 0.13875 0.085 0.054375 0.04125
3 0.59625 0.125625 0.03125 0.104375