5 0.326875 0.945 0.15625 0.109375
5 0.2625 0.849375 0.14125 0.1825
5 0.245 0.735 0.10625 0.143125
5 0.203125 0.640625 0.075625 0.155625
5 0.191875 0.5875 0.08 0.118125
5 0.163125 0.525 0.0725 0.103125
5 0.505 0.880625 0.13625 0.184375
5 0.430625 0.755625 0.084375 0.15
5 0.3625 0.67375 0.074375 0.14125
5 0.32875 0.60625 0.090625 0.13625
5 0.29375 0.52125 0.080625 0.12625
5 0.82125 0.945 0.1725 0.109375
5 0.67375 0.866875 0.153125 0.1875
5 0.466875 0.645625 0.096875 0.134375
5 0.426875 0.5775 0.089375 0.109375
5 0.39125 0.535625 0.08875 0.15
5 0.558125 0.5725 0.091875 0.128125
5 0.671875 0.698125 0.079375 0.149375
5 0.764375 0.7625 0.09125 0.148125
5 0.495625 0.53375 0.066875 0.06125