5 0.861875 0.839375 0.204375 0.123125
5 0.9025 0.629375 0.1775 0.128125
5 0.87875 0.553125 0.17375 0.186875
5 0.704375 0.47625 0.16625 0.11
5 0.6325 0.639375 0.185 0.13875
5 0.405 0.654375 0.19125 0.118125
5 0.27125 0.824375 0.163125 0.153125
5 0.191875 0.711875 0.155 0.134375
5 0.190625 0.565625 0.16375 0.155
5 0.06375 0.495 0.1275 0.13375
5 0.455 0.46875 0.126875 0.129375
5 0.359375 0.365 0.18 0.140625
5 0.5775 0.3375 0.1425 0.106875
5 0.756875 0.301875 0.1925 0.143125
5 0.711875 0.2375 0.166875 0.165
5 0.5075 0.234375 0.15125 0.09875
5 0.505625 0.13125 0.145 0.1025
5 0.285 0.174375 0.161875 0.1025
5 0.83375 0.12375 0.16125 0.118125