5 0.4275 0.80625 0.09625 0.13375
5 0.24 0.853125 0.11 0.1275
5 0.329375 0.7125 0.08625 0.1625
5 0.516875 0.7425 0.163125 0.179375
5 0.496875 0.624375 0.07375 0.101875
5 0.4625 0.548125 0.073125 0.0775
5 0.48 0.48375 0.0425 0.071875
5 0.561875 0.51875 0.065 0.0975
5 0.63875 0.606875 0.058125 0.119375
5 0.65125 0.51875 0.05625 0.06625
5 0.659375 0.444375 0.0425 0.085
5 0.56875 0.39625 0.076875 0.06
5 0.661875 0.35 0.035 0.0825
5 0.728125 0.399375 0.058125 0.079375
5 0.74 0.480625 0.05 0.0825
5 0.7525 0.54125 0.064375 0.094375
5 0.77375 0.66125 0.08 0.113125
5 0.784375 0.821875 0.085 0.10875
5 0.785625 0.91875 0.12875 0.130625
5 0.5875 0.92875 0.106875 0.141875
5 0.118125 0.758125 0.106875 0.109375
5 0.200625 0.655625 0.06625 0.0675
5 0.221875 0.573125 0.059375 0.07375
5 0.25625 0.4725 0.041875 0.070625
5 0.295625 0.533125 0.050625 0.086875
5 0.3325 0.48625 0.0425 0.06375
5 0.331875 0.4025 0.03625 0.0725
5 0.293125 0.376875 0.065625 0.074375
5 0.130625 0.630625 0.075 0.11
5 0.146875 0.53375 0.060625 0.07875
5 0.046875 0.6675 0.09375 0.108125
5 0.07125 0.5825 0.0575 0.079375
5 0.09125 0.508125 0.04875 0.080625
5 0.149375 0.44875 0.0525 0.09375
5 0.1925 0.400625 0.0375 0.073125
5 0.23125 0.37375 0.02875 0.0675