5 0.138125 0.839375 0.204375 0.123125
5 0.0975 0.629375 0.1775 0.128125
5 0.12125 0.553125 0.17375 0.186875
5 0.295625 0.47625 0.16625 0.11
5 0.3675 0.639375 0.185 0.13875
5 0.595 0.654375 0.19125 0.118125
5 0.72875 0.824375 0.163125 0.153125
5 0.808125 0.711875 0.155 0.134375
5 0.809375 0.565625 0.16375 0.155
5 0.93625 0.495 0.1275 0.13375
5 0.545 0.46875 0.126875 0.129375
5 0.640625 0.365 0.18 0.140625
5 0.4225 0.3375 0.1425 0.106875
5 0.243125 0.301875 0.1925 0.143125
5 0.288125 0.2375 0.166875 0.165
5 0.4925 0.234375 0.15125 0.09875
5 0.494375 0.13125 0.145 0.1025
5 0.715 0.174375 0.161875 0.1025
5 0.16625 0.12375 0.16125 0.118125