5 0.4875 0.72625 0.135 0.099375
5 0.29125 0.88625 0.124375 0.140625
5 0.09375 0.756875 0.128125 0.1125
5 0.26 0.691875 0.121875 0.1225
5 0.3925 0.666875 0.115 0.076875
5 0.638125 0.680625 0.079375 0.119375
5 0.58 0.57375 0.06875 0.1
5 0.4525 0.585625 0.111875 0.075625
5 0.483125 0.470625 0.045625 0.11125
5 0.348125 0.453125 0.070625 0.089375
5 0.25625 0.365625 0.076875 0.065625
5 0.334375 0.385 0.0625 0.073125
5 0.84375 0.716875 0.079375 0.129375
5 0.440625 0.384375 0.071875 0.066875
5 0.83 0.3725 0.091875 0.065625
4 0.774375 0.800625 0.2275 0.39875
4 0.376875 0.2625 0.215 0.111875
4 0.804375 0.22625 0.183125 0.0675
4 0.62375 0.25875 0.19 0.105
4 0.7425 0.4225 0.194375 0.170625