5 0.8075 0.919375 0.1075 0.16125
5 0.849375 0.758125 0.071875 0.160625
5 0.706875 0.798125 0.09 0.164375
5 0.654375 0.928125 0.134375 0.143125
5 0.4975 0.9125 0.0975 0.174375
5 0.36625 0.895 0.09375 0.195
5 0.73625 0.69 0.079375 0.104375
5 0.540625 0.66875 0.086875 0.113125
5 0.3475 0.69125 0.070625 0.15875
5 0.435 0.775 0.07625 0.15875
5 0.199375 0.85375 0.0925 0.170625
5 0.275625 0.764375 0.08625 0.1375
5 0.193125 0.725 0.066875 0.10625
5 0.578125 0.79 0.12625 0.1425
5 0.778125 0.579375 0.080625 0.110625
5 0.866875 0.515625 0.0675 0.09375
5 0.64875 0.6525 0.075 0.126875
5 0.54625 0.5625 0.07375 0.098125
5 0.665 0.450625 0.045 0.083125
5 0.386875 0.578125 0.055625 0.098125