5 0.5125 0.72625 0.135 0.099375
5 0.70875 0.88625 0.124375 0.140625
5 0.90625 0.756875 0.128125 0.1125
5 0.74 0.691875 0.121875 0.1225
5 0.6075 0.666875 0.115 0.076875
5 0.361875 0.680625 0.079375 0.119375
5 0.42 0.57375 0.06875 0.1
5 0.5475 0.585625 0.111875 0.075625
5 0.516875 0.470625 0.045625 0.11125
5 0.651875 0.453125 0.070625 0.089375
5 0.74375 0.365625 0.076875 0.065625
5 0.665625 0.385 0.0625 0.073125
5 0.15625 0.716875 0.079375 0.129375
5 0.559375 0.384375 0.071875 0.066875
5 0.17 0.3725 0.091875 0.065625
4 0.225625 0.800625 0.2275 0.39875
4 0.623125 0.2625 0.215 0.111875
4 0.195625 0.22625 0.183125 0.0675
4 0.37625 0.25875 0.19 0.105
4 0.2575 0.4225 0.194375 0.170625