5 0.764375 0.883125 0.155 0.233125
5 0.726875 0.76 0.09375 0.189375
5 0.689375 0.666875 0.11 0.23375
5 0.6675 0.529375 0.091875 0.1825
5 0.579375 0.918125 0.158125 0.163125
5 0.549375 0.75375 0.11 0.14625
5 0.526875 0.89125 0.128125 0.18
5 0.544375 0.57625 0.10625 0.14375
5 0.585 0.426875 0.07375 0.11125
5 0.428125 0.5975 0.09 0.165625
5 0.420625 0.7175 0.0875 0.185625
5 0.300625 0.82125 0.101875 0.204375
5 0.20625 0.856875 0.07875 0.234375
5 0.5225 0.35125 0.04375 0.103125
5 0.593125 0.2975 0.049375 0.076875
4 0.325625 0.2375 0.12 0.1825
4 0.24 0.575625 0.183125 0.326875