2 0.510625 0.735625 0.1025 0.16875
2 0.4625 0.474375 0.0725 0.14625
2 0.32125 0.2725 0.066875 0.121875
2 0.4875 0.92875 0.12375 0.141875
2 0.2925 0.193125 0.064375 0.114375
5 0.280625 0.875 0.14125 0.181875
5 0.261875 0.711875 0.128125 0.163125
5 0.28125 0.580625 0.094375 0.134375
5 0.2425 0.5 0.10375 0.11375
5 0.0775 0.918125 0.11625 0.16375
5 0.10375 0.804375 0.155 0.2125
5 0.105625 0.625 0.08875 0.109375
5 0.104375 0.545625 0.11375 0.10625
5 0.113125 0.458125 0.108125 0.0875
5 0.105 0.3625 0.109375 0.12
5 0.245 0.386875 0.111875 0.10125
5 0.236875 0.31375 0.105625 0.089375
5 0.214375 0.245625 0.0775 0.104375
5 0.121875 0.265625 0.073125 0.086875
5 0.116875 0.166875 0.104375 0.11375
5 0.20625 0.1325 0.083125 0.1025
5 0.375625 0.380625 0.118125 0.125
5 0.383125 0.54125 0.1075 0.118125
5 0.426875 0.81625 0.10125 0.17375
5 0.45625 0.618125 0.08 0.18375
3 0.610625 0.92875 0.058125 0.141875
5 0.780625 0.35125 0.09875 0.17625
5 0.9025 0.451875 0.086875 0.16375
5 0.94125 0.5325 0.090625 0.1625
5 0.97125 0.6 0.0575 0.17875
5 0.7075 0.21375 0.07375 0.134375