5 0.5725 0.80625 0.09625 0.13375
5 0.76 0.853125 0.11 0.1275
5 0.670625 0.7125 0.08625 0.1625
5 0.483125 0.7425 0.163125 0.179375
5 0.503125 0.624375 0.07375 0.101875
5 0.5375 0.548125 0.073125 0.0775
5 0.52 0.48375 0.0425 0.071875
5 0.438125 0.51875 0.065 0.0975
5 0.36125 0.606875 0.058125 0.119375
5 0.34875 0.51875 0.05625 0.06625
5 0.340625 0.444375 0.0425 0.085
5 0.43125 0.39625 0.076875 0.06
5 0.338125 0.35 0.035 0.0825
5 0.271875 0.399375 0.058125 0.079375
5 0.26 0.480625 0.05 0.0825
5 0.2475 0.54125 0.064375 0.094375
5 0.22625 0.66125 0.08 0.113125
5 0.215625 0.821875 0.085 0.10875
5 0.214375 0.91875 0.12875 0.130625
5 0.4125 0.92875 0.106875 0.141875
5 0.881875 0.758125 0.106875 0.109375
5 0.799375 0.655625 0.06625 0.0675
5 0.778125 0.573125 0.059375 0.07375
5 0.74375 0.4725 0.041875 0.070625
5 0.704375 0.533125 0.050625 0.086875
5 0.6675 0.48625 0.0425 0.06375
5 0.668125 0.4025 0.03625 0.0725
5 0.706875 0.376875 0.065625 0.074375
5 0.869375 0.630625 0.075 0.11
5 0.853125 0.53375 0.060625 0.07875
5 0.953125 0.6675 0.09375 0.108125
5 0.92875 0.5825 0.0575 0.079375
5 0.90875 0.508125 0.04875 0.080625
5 0.850625 0.44875 0.0525 0.09375
5 0.8075 0.400625 0.0375 0.073125
5 0.76875 0.37375 0.02875 0.0675