3 0.76875 0.921875 0.05875 0.14375
3 0.870625 0.846875 0.0525 0.0975
3 0.966875 0.6925 0.0325 0.103125
5 0.6475 0.78125 0.1475 0.26
5 0.149375 0.771875 0.2175 0.246875
5 0.335 0.595 0.1225 0.17625
5 0.401875 0.445 0.113125 0.111875
5 0.22375 0.486875 0.108125 0.138125
5 0.378125 0.349375 0.06875 0.08375
5 0.635625 0.535625 0.09 0.205625
5 0.788125 0.62625 0.155625 0.235625
5 0.853125 0.519375 0.11 0.159375
5 0.74 0.494375 0.09625 0.143125
5 0.631875 0.37875 0.0675 0.114375
5 0.0625 0.454375 0.1125 0.116875
4 0.07125 0.290625 0.1425 0.19125
4 0.320625 0.170625 0.1775 0.095