5 0.1925 0.919375 0.1075 0.16125
5 0.150625 0.758125 0.071875 0.160625
5 0.293125 0.798125 0.09 0.164375
5 0.345625 0.928125 0.134375 0.143125
5 0.5025 0.9125 0.0975 0.174375
5 0.63375 0.895 0.09375 0.195
5 0.26375 0.69 0.079375 0.104375
5 0.459375 0.66875 0.086875 0.113125
5 0.6525 0.69125 0.070625 0.15875
5 0.565 0.775 0.07625 0.15875
5 0.800625 0.85375 0.0925 0.170625
5 0.724375 0.764375 0.08625 0.1375
5 0.806875 0.725 0.066875 0.10625
5 0.421875 0.79 0.12625 0.1425
5 0.221875 0.579375 0.080625 0.110625
5 0.133125 0.515625 0.0675 0.09375
5 0.35125 0.6525 0.075 0.126875
5 0.45375 0.5625 0.07375 0.098125
5 0.335 0.450625 0.045 0.083125
5 0.613125 0.578125 0.055625 0.098125