5 0.235625 0.883125 0.155 0.233125
5 0.273125 0.76 0.09375 0.189375
5 0.310625 0.666875 0.11 0.23375
5 0.3325 0.529375 0.091875 0.1825
5 0.420625 0.918125 0.158125 0.163125
5 0.450625 0.75375 0.11 0.14625
5 0.473125 0.89125 0.128125 0.18
5 0.455625 0.57625 0.10625 0.14375
5 0.415 0.426875 0.07375 0.11125
5 0.571875 0.5975 0.09 0.165625
5 0.579375 0.7175 0.0875 0.185625
5 0.699375 0.82125 0.101875 0.204375
5 0.79375 0.856875 0.07875 0.234375
5 0.4775 0.35125 0.04375 0.103125
5 0.406875 0.2975 0.049375 0.076875
4 0.674375 0.2375 0.12 0.1825
4 0.76 0.575625 0.183125 0.326875