2 0.489375 0.735625 0.1025 0.16875
2 0.5375 0.474375 0.0725 0.14625
2 0.67875 0.2725 0.066875 0.121875
2 0.5125 0.92875 0.12375 0.141875
2 0.7075 0.193125 0.064375 0.114375
5 0.719375 0.875 0.14125 0.181875
5 0.738125 0.711875 0.128125 0.163125
5 0.71875 0.580625 0.094375 0.134375
5 0.7575 0.5 0.10375 0.11375
5 0.9225 0.918125 0.11625 0.16375
5 0.89625 0.804375 0.155 0.2125
5 0.894375 0.625 0.08875 0.109375
5 0.895625 0.545625 0.11375 0.10625
5 0.886875 0.458125 0.108125 0.0875
5 0.895 0.3625 0.109375 0.12
5 0.755 0.386875 0.111875 0.10125
5 0.763125 0.31375 0.105625 0.089375
5 0.785625 0.245625 0.0775 0.104375
5 0.878125 0.265625 0.073125 0.086875
5 0.883125 0.166875 0.104375 0.11375
5 0.79375 0.1325 0.083125 0.1025
5 0.624375 0.380625 0.118125 0.125
5 0.616875 0.54125 0.1075 0.118125
5 0.573125 0.81625 0.10125 0.17375
5 0.54375 0.618125 0.08 0.18375
3 0.389375 0.92875 0.058125 0.141875
5 0.219375 0.35125 0.09875 0.17625
5 0.0975 0.451875 0.086875 0.16375
5 0.05875 0.5325 0.090625 0.1625
5 0.02875 0.6 0.0575 0.17875
5 0.2925 0.21375 0.07375 0.134375