5 0.64 0.735625 0.114375 0.145625
5 0.29875 0.855 0.151875 0.166875
5 0.083125 0.81125 0.11625 0.14125
5 0.335 0.686875 0.099375 0.104375
5 0.46375 0.670625 0.075 0.091875
5 0.8725 0.92875 0.131875 0.1425
5 0.77125 0.73125 0.089375 0.120625
5 0.82375 0.83625 0.12125 0.155
2 0.19625 0.765625 0.09625 0.131875
2 0.225 0.71375 0.0525 0.106875
2 0.25875 0.675625 0.055 0.11875
2 0.6575 0.846875 0.1075 0.10375
5 0.6925 0.61 0.0775 0.085
5 0.815 0.589375 0.110625 0.11125
5 0.566875 0.55375 0.05875 0.091875
5 0.19625 0.589375 0.074375 0.080625