5 0.521875 0.79375 0.1175 0.180625
5 0.399375 0.76 0.095 0.133125
5 0.29125 0.726875 0.098125 0.105625
5 0.31875 0.531875 0.066875 0.0825
5 0.313125 0.5975 0.111875 0.08625
5 0.54 0.359375 0.10125 0.09625
5 0.505625 0.625625 0.085 0.091875
2 0.30875 0.41625 0.06875 0.07625
2 0.161875 0.39375 0.050625 0.08125
2 0.5225 0.51875 0.088125 0.088125
2 0.779375 0.589375 0.09125 0.16375
2 0.7975 0.731875 0.075 0.12125
2 0.766875 0.445625 0.088125 0.105
5 0.669375 0.29375 0.093125 0.079375
5 0.686875 0.245625 0.05375 0.096875
5 0.54125 0.12375 0.0425 0.0575
5 0.8725 0.34875 0.063125 0.11
5 0.744375 0.209375 0.06 0.085