5 0.715 0.739375 0.151875 0.1975
5 0.455 0.693125 0.146875 0.14375
5 0.604375 0.550625 0.12375 0.169375
5 0.559375 0.4625 0.085625 0.1325
5 0.501875 0.349375 0.0725 0.134375
5 0.391875 0.443125 0.090625 0.1075
5 0.3675 0.375 0.074375 0.101875
5 0.344375 0.281875 0.083125 0.09875
5 0.255 0.911875 0.1625 0.17625
5 0.258125 0.754375 0.14625 0.17875
5 0.240625 0.60625 0.14 0.223125
5 0.04875 0.811875 0.0975 0.22
5 0.04625 0.59875 0.0925 0.17
5 0.070625 0.486875 0.12375 0.150625
5 0.094375 0.4025 0.083125 0.183125
5 0.119375 0.3075 0.06375 0.124375
5 0.134375 0.248125 0.05 0.093125
5 0.7775 0.441875 0.08 0.09625
5 0.830625 0.3525 0.098125 0.065625
5 0.765 0.313125 0.0425 0.088125
5 0.648125 0.3225 0.088125 0.119375
5 0.744375 0.39625 0.071875 0.100625