5 0.2075 0.848125 0.114375 0.193125
5 0.230625 0.60375 0.134375 0.20625
5 0.35 0.65625 0.085 0.19625
5 0.085 0.731875 0.118125 0.17375
5 0.494375 0.70875 0.093125 0.190625
5 0.62125 0.554375 0.104375 0.179375
5 0.471875 0.49625 0.11125 0.17875
5 0.3575 0.91 0.1175 0.179375
5 0.348125 0.44125 0.104375 0.153125
5 0.28 0.3425 0.07375 0.159375
5 0.151875 0.481875 0.10375 0.15375
5 0.03625 0.60125 0.0725 0.135625
5 0.16875 0.30625 0.079375 0.131875
5 0.368125 0.24125 0.070625 0.12625
5 0.555 0.224375 0.07875 0.131875
5 0.464375 0.3275 0.09375 0.156875
5 0.573125 0.379375 0.08625 0.166875
5 0.64375 0.238125 0.07 0.09375
5 0.699375 0.42 0.10125 0.16375
5 0.78 0.296875 0.093125 0.14
5 0.806875 0.50875 0.09 0.14625
5 0.74125 0.66125 0.115625 0.20125
5 0.6275 0.8925 0.14 0.215
5 0.864375 0.79125 0.11875 0.221875
5 0.954375 0.58125 0.08875 0.165625
5 0.880625 0.381875 0.078125 0.154375