5 0.628125 0.673125 0.125625 0.23625
5 0.7875 0.705625 0.11875 0.15375
5 0.513125 0.76375 0.161875 0.183125
5 0.475625 0.589375 0.115625 0.1625
5 0.58125 0.526875 0.095 0.124375
5 0.685 0.4875 0.085625 0.12375
5 0.89625 0.8325 0.168125 0.19125
5 0.05625 0.82 0.1125 0.163125
5 0.21875 0.846875 0.15875 0.216875
5 0.90375 0.60125 0.121875 0.1525
5 0.943125 0.325 0.096875 0.083125
5 0.9125 0.22625 0.07 0.110625
5 0.4075 0.383125 0.061875 0.0875
5 0.31625 0.508125 0.098125 0.10375
2 0.345 0.688125 0.110625 0.161875
3 0.375 0.863125 0.063125 0.105625
3 0.258125 0.604375 0.041875 0.09