3 0.39125 0.756875 0.03875 0.118125
2 0.46875 0.91625 0.1775 0.1675
2 0.828125 0.474375 0.095625 0.105
2 0.65 0.490625 0.10875 0.110625
2 0.691875 0.354375 0.071875 0.118125
5 0.77 0.920625 0.205 0.15875
5 0.24625 0.89375 0.141875 0.2
5 0.24875 0.679375 0.128125 0.195
5 0.365 0.514375 0.114375 0.171875
5 0.516875 0.51125 0.119375 0.108125
5 0.079375 0.82125 0.15875 0.195
5 0.083125 0.64125 0.131875 0.163125
5 0.1325 0.578125 0.116875 0.17125
5 0.47875 0.7525 0.139375 0.175
5 0.685 0.7625 0.17625 0.173125
5 0.255625 0.881875 0.161875 0.171875