5 0.371875 0.673125 0.125625 0.23625
5 0.2125 0.705625 0.11875 0.15375
5 0.486875 0.76375 0.161875 0.183125
5 0.524375 0.589375 0.115625 0.1625
5 0.41875 0.526875 0.095 0.124375
5 0.315 0.4875 0.085625 0.12375
5 0.10375 0.8325 0.168125 0.19125
5 0.94375 0.82 0.1125 0.163125
5 0.78125 0.846875 0.15875 0.216875
5 0.09625 0.60125 0.121875 0.1525
5 0.056875 0.325 0.096875 0.083125
5 0.0875 0.22625 0.07 0.110625
5 0.5925 0.383125 0.061875 0.0875
5 0.68375 0.508125 0.098125 0.10375
2 0.655 0.688125 0.110625 0.161875
3 0.625 0.863125 0.063125 0.105625
3 0.741875 0.604375 0.041875 0.09