3 0.60875 0.756875 0.03875 0.118125
2 0.53125 0.91625 0.1775 0.1675
2 0.171875 0.474375 0.095625 0.105
2 0.35 0.490625 0.10875 0.110625
2 0.308125 0.354375 0.071875 0.118125
5 0.23 0.920625 0.205 0.15875
5 0.75375 0.89375 0.141875 0.2
5 0.75125 0.679375 0.128125 0.195
5 0.635 0.514375 0.114375 0.171875
5 0.483125 0.51125 0.119375 0.108125
5 0.920625 0.82125 0.15875 0.195
5 0.916875 0.64125 0.131875 0.163125
5 0.8675 0.578125 0.116875 0.17125
5 0.52125 0.7525 0.139375 0.175
5 0.315 0.7625 0.17625 0.173125
5 0.744375 0.881875 0.161875 0.171875