2 0.64125 0.88125 0.106875 0.139375
2 0.191875 0.78 0.07 0.1475
2 0.2425 0.705 0.1 0.125
2 0.39625 0.503125 0.06375 0.115625
5 0.298125 0.901875 0.1325 0.19625
5 0.49375 0.90125 0.118125 0.14
5 0.461875 0.69 0.0825 0.1175
5 0.815625 0.8225 0.124375 0.188125
5 0.68375 0.604375 0.0725 0.1075
5 0.074375 0.721875 0.104375 0.103125
5 0.558125 0.58125 0.0875 0.133125
5 0.80125 0.585 0.110625 0.113125
5 0.945625 0.86875 0.10875 0.164375
5 0.911875 0.620625 0.073125 0.123125
5 0.185625 0.5525 0.08 0.081875
5 0.604375 0.4225 0.058125 0.099375
5 0.334375 0.695625 0.0675 0.095
5 0.396875 0.849375 0.0925 0.141875