5 0.66875 0.79375 0.2125 0.223125
5 0.831875 0.68 0.18625 0.196875
5 0.395625 0.785 0.215 0.20125
5 0.315625 0.64625 0.14375 0.139375
5 0.190625 0.6325 0.20125 0.195625
5 0.228125 0.469375 0.119375 0.10875
5 0.39375 0.473125 0.104375 0.111875
5 0.4375 0.4075 0.13875 0.1075
5 0.53125 0.565 0.114375 0.14875
5 0.61 0.36625 0.114375 0.1225
5 0.71375 0.294375 0.09 0.126875
5 0.796875 0.219375 0.10625 0.095
5 0.8825 0.266875 0.11125 0.110625
5 0.956875 0.339375 0.083125 0.123125
2 0.603125 0.59875 0.10125 0.230625
2 0.524375 0.201875 0.08375 0.08375