5 0.33125 0.79375 0.2125 0.223125
5 0.168125 0.68 0.18625 0.196875
5 0.604375 0.785 0.215 0.20125
5 0.684375 0.64625 0.14375 0.139375
5 0.809375 0.6325 0.20125 0.195625
5 0.771875 0.469375 0.119375 0.10875
5 0.60625 0.473125 0.104375 0.111875
5 0.5625 0.4075 0.13875 0.1075
5 0.46875 0.565 0.114375 0.14875
5 0.39 0.36625 0.114375 0.1225
5 0.28625 0.294375 0.09 0.126875
5 0.203125 0.219375 0.10625 0.095
5 0.1175 0.266875 0.11125 0.110625
5 0.043125 0.339375 0.083125 0.123125
2 0.396875 0.59875 0.10125 0.230625
2 0.475625 0.201875 0.08375 0.08375