5 0.541875 0.67625 0.190625 0.12625
5 0.86375 0.681875 0.204375 0.161875
5 0.936875 0.520625 0.12625 0.10875
5 0.690625 0.519375 0.1325 0.11125
5 0.52625 0.430625 0.11375 0.080625
5 0.349375 0.508125 0.14875 0.098125
5 0.131875 0.521875 0.123125 0.08625
2 0.17625 0.445 0.09 0.095
2 0.041875 0.436875 0.07625 0.088125
2 0.9225 0.85 0.155 0.19875
2 0.081875 0.811875 0.15 0.16125
3 0.290625 0.935625 0.090625 0.10125
3 0.41125 0.94375 0.086875 0.096875
3 0.578125 0.965625 0.1125 0.068125
3 0.68125 0.971875 0.08375 0.055625
3 0.473125 0.526875 0.063125 0.0725