5 0.375625 0.805 0.110625 0.25625
5 0.76125 0.758125 0.136875 0.1625
5 0.805625 0.61 0.100625 0.125625
5 0.9525 0.56625 0.08875 0.15
5 0.57 0.545625 0.075625 0.100625
5 0.52 0.378125 0.051875 0.07625
5 0.586875 0.423125 0.044375 0.07125
5 0.4125 0.4075 0.0375 0.08375
5 0.383125 0.34625 0.034375 0.068125
5 0.44625 0.325625 0.035 0.0625
5 0.100625 0.47 0.06 0.095625
5 0.525 0.373125 0.04125 0.05
5 0.525625 0.325625 0.029375 0.043125
5 0.596875 0.3475 0.038125 0.06625
5 0.79375 0.3775 0.04875 0.0575
5 0.82375 0.3475 0.0375 0.046875
5 0.893125 0.364375 0.036875 0.051875
3 0.675 0.5025 0.038125 0.0775
3 0.84625 0.444375 0.0325 0.06875
3 0.39625 0.64625 0.03 0.07625
3 0.165625 0.40375 0.030625 0.07125
3 0.043125 0.47875 0.026875 0.070625
3 0.775625 0.326875 0.025 0.04875