5 0.356875 0.945625 0.10375 0.060625
5 0.4525 0.90125 0.095625 0.05625
5 0.938125 0.944375 0.11125 0.08625
5 0.7325 0.83 0.08125 0.053125
5 0.60375 0.80125 0.079375 0.036875
5 0.591875 0.76875 0.044375 0.041875
5 0.2575 0.836875 0.0475 0.039375
5 0.333125 0.8375 0.06125 0.049375
5 0.37125 0.803125 0.035 0.03625
5 0.425 0.796875 0.036875 0.04125
5 0.856875 0.749375 0.07375 0.04625
3 0.1725 0.8575 0.05375 0.05125
3 0.81625 0.81 0.045625 0.049375
3 0.88375 0.794375 0.02625 0.03625
3 0.24375 0.785 0.025625 0.02375