5 0.33875 0.85125 0.28625 0.2275
5 0.2025 0.69625 0.266875 0.2425
5 0.428125 0.674375 0.270625 0.20125
5 0.655 0.784375 0.34125 0.211875
5 0.645 0.923125 0.241875 0.15375
5 0.8625 0.79625 0.258125 0.258125
5 0.326875 0.556875 0.1625 0.176875
5 0.091875 0.5475 0.145 0.1875
5 0.17375 0.48125 0.178125 0.151875
5 0.166875 0.36875 0.145625 0.11375
5 0.704375 0.6275 0.2275 0.136875
5 0.7775 0.554375 0.245 0.126875
5 0.599375 0.475625 0.134375 0.13625
5 0.63375 0.426875 0.19875 0.146875
5 0.455625 0.3325 0.153125 0.115625
5 0.195 0.35875 0.149375 0.11375
2 0.49 0.471875 0.120625 0.13875
2 0.5675 0.60625 0.1625 0.1725
2 0.39125 0.48 0.158125 0.119375
2 0.3225 0.411875 0.15875 0.098125
2 0.94375 0.6575 0.1125 0.128125
2 0.05875 0.295 0.1175 0.143125
5 0.138125 0.263125 0.125 0.07875
5 0.090625 0.08125 0.1025 0.1125
5 0.30875 0.190625 0.110625 0.120625
5 0.440625 0.15625 0.095 0.155
5 0.596875 0.30625 0.15125 0.116875