5 0.724375 0.5875 0.25875 0.180625
5 0.65625 0.73875 0.188125 0.168125
5 0.4975 0.876875 0.26 0.245625
5 0.31125 0.90625 0.33 0.1875
5 0.22 0.740625 0.188125 0.196875
5 0.094375 0.79 0.139375 0.158125
5 0.273125 0.566875 0.329375 0.129375
5 0.228125 0.375625 0.093125 0.160625
5 0.535 0.565 0.164375 0.150625
5 0.6725 0.753125 0.165 0.1825
5 0.82875 0.863125 0.31375 0.230625
2 0.623125 0.408125 0.085625 0.1425
2 0.53625 0.38125 0.08125 0.1175
2 0.500625 0.298125 0.075625 0.113125
2 0.68625 0.360625 0.094375 0.130625
2 0.90875 0.554375 0.146875 0.17875