5 0.66125 0.85125 0.28625 0.2275
5 0.7975 0.69625 0.266875 0.2425
5 0.571875 0.674375 0.270625 0.20125
5 0.345 0.784375 0.34125 0.211875
5 0.355 0.923125 0.241875 0.15375
5 0.1375 0.79625 0.258125 0.258125
5 0.673125 0.556875 0.1625 0.176875
5 0.908125 0.5475 0.145 0.1875
5 0.82625 0.48125 0.178125 0.151875
5 0.833125 0.36875 0.145625 0.11375
5 0.295625 0.6275 0.2275 0.136875
5 0.2225 0.554375 0.245 0.126875
5 0.400625 0.475625 0.134375 0.13625
5 0.36625 0.426875 0.19875 0.146875
5 0.544375 0.3325 0.153125 0.115625
5 0.805 0.35875 0.149375 0.11375
2 0.51 0.471875 0.120625 0.13875
2 0.4325 0.60625 0.1625 0.1725
2 0.60875 0.48 0.158125 0.119375
2 0.6775 0.411875 0.15875 0.098125
2 0.05625 0.6575 0.1125 0.128125
2 0.94125 0.295 0.1175 0.143125
5 0.861875 0.263125 0.125 0.07875
5 0.909375 0.08125 0.1025 0.1125
5 0.69125 0.190625 0.110625 0.120625
5 0.559375 0.15625 0.095 0.155
5 0.403125 0.30625 0.15125 0.116875