5 0.085625 0.941875 0.17125 0.11625
5 0.15625 0.89375 0.103125 0.148125
5 0.154375 0.795625 0.10875 0.114375
5 0.18375 0.75 0.100625 0.131875
5 0.196875 0.678125 0.090625 0.091875
5 0.1875 0.609375 0.09375 0.129375
5 0.22 0.565625 0.070625 0.113125
5 0.14375 0.495625 0.08375 0.09375
5 0.085625 0.5975 0.115 0.1525
5 0.02875 0.711875 0.0575 0.238125
5 0.254375 0.46375 0.08375 0.143125
5 0.295625 0.371875 0.065625 0.08
5 0.37 0.5175 0.075 0.1125
5 0.381875 0.44375 0.055 0.09
5 0.394375 0.38875 0.06375 0.08375
5 0.36125 0.655625 0.101875 0.143125
5 0.3425 0.77 0.09875 0.10875
5 0.341875 0.8525 0.10875 0.12375
5 0.74 0.956875 0.10375 0.08625
5 0.720625 0.88 0.08875 0.125
5 0.700625 0.804375 0.104375 0.119375
5 0.670625 0.736875 0.09125 0.114375
5 0.508125 0.83375 0.105 0.136875
5 0.52 0.74875 0.075 0.100625
5 0.506875 0.65875 0.099375 0.1075
5 0.513125 0.5775 0.061875 0.07
5 0.509375 0.498125 0.09 0.095
5 0.513125 0.436875 0.061875 0.09375
5 0.821875 0.688125 0.095625 0.12875
5 0.785 0.58375 0.083125 0.120625
5 0.82875 0.496875 0.061875 0.13
5 0.6975 0.463125 0.0725 0.09125
5 0.59125 0.44875 0.048125 0.066875