5 0.754375 0.945 0.1575 0.109375
5 0.671875 0.78625 0.105625 0.148125
5 0.655 0.71625 0.065 0.124375
5 0.6225 0.66375 0.065 0.114375
5 0.59875 0.59875 0.0725 0.13625
5 0.845 0.790625 0.079375 0.155625
5 0.779375 0.738125 0.080625 0.131875
5 0.9175 0.92375 0.135 0.1525
5 0.72875 0.628125 0.088125 0.1475
5 0.985625 0.79875 0.02875 0.15375
5 0.959375 0.733125 0.075 0.1775
5 0.91125 0.70625 0.064375 0.10375
5 0.874375 0.673125 0.059375 0.12125
5 0.854375 0.63375 0.0725 0.07875
5 0.799375 0.600625 0.08125 0.10875
5 0.770625 0.523125 0.059375 0.098125
5 0.419375 0.9 0.09875 0.1475
5 0.445625 0.75125 0.086875 0.15375
5 0.33875 0.620625 0.07375 0.116875
5 0.290625 0.706875 0.07125 0.1175
5 0.24875 0.81875 0.091875 0.160625
5 0.21625 0.928125 0.123125 0.14375
5 0.111875 0.79125 0.098125 0.138125
5 0.136875 0.709375 0.06375 0.138125
5 0.15875 0.64375 0.08 0.103125
5 0.205625 0.604375 0.06375 0.115625
5 0.25625 0.53125 0.049375 0.094375
5 0.3475 0.526875 0.066875 0.06875