5 0.245625 0.945 0.1575 0.109375
5 0.328125 0.78625 0.105625 0.148125
5 0.345 0.71625 0.065 0.124375
5 0.3775 0.66375 0.065 0.114375
5 0.40125 0.59875 0.0725 0.13625
5 0.155 0.790625 0.079375 0.155625
5 0.220625 0.738125 0.080625 0.131875
5 0.0825 0.92375 0.135 0.1525
5 0.27125 0.628125 0.088125 0.1475
5 0.014375 0.79875 0.02875 0.15375
5 0.040625 0.733125 0.075 0.1775
5 0.08875 0.70625 0.064375 0.10375
5 0.125625 0.673125 0.059375 0.12125
5 0.145625 0.63375 0.0725 0.07875
5 0.200625 0.600625 0.08125 0.10875
5 0.229375 0.523125 0.059375 0.098125
5 0.580625 0.9 0.09875 0.1475
5 0.554375 0.75125 0.086875 0.15375
5 0.66125 0.620625 0.07375 0.116875
5 0.709375 0.706875 0.07125 0.1175
5 0.75125 0.81875 0.091875 0.160625
5 0.78375 0.928125 0.123125 0.14375
5 0.888125 0.79125 0.098125 0.138125
5 0.863125 0.709375 0.06375 0.138125
5 0.84125 0.64375 0.08 0.103125
5 0.794375 0.604375 0.06375 0.115625
5 0.74375 0.53125 0.049375 0.094375
5 0.6525 0.526875 0.066875 0.06875