5 0.29125 0.859375 0.14625 0.20875
5 0.505 0.89 0.1225 0.190625
5 0.6375 0.754375 0.12 0.15625
5 0.46875 0.689375 0.080625 0.096875
5 0.075 0.816875 0.12375 0.144375
5 0.65375 0.943125 0.1375 0.11375
5 0.860625 0.91875 0.12625 0.1625
5 0.818125 0.8375 0.138125 0.21
5 0.76125 0.745 0.11375 0.158125
5 0.81625 0.62 0.09125 0.12875
5 0.928125 0.741875 0.095 0.0775
5 0.934375 0.63625 0.08 0.115625
5 0.6925 0.609375 0.075625 0.099375
5 0.59 0.565625 0.094375 0.115
5 0.330625 0.641875 0.094375 0.118125
5 0.18625 0.584375 0.084375 0.083125