5 0.619375 0.851875 0.075 0.130625
5 0.7425 0.86875 0.086875 0.155
5 0.68 0.774375 0.05875 0.106875
5 0.646875 0.720625 0.041875 0.05875
5 0.72 0.725 0.054375 0.0675
5 0.791875 0.81 0.065 0.09125
5 0.85 0.781875 0.06 0.085625
5 0.88875 0.935 0.09875 0.12375
5 0.813125 0.96 0.10625 0.08
5 0.96125 0.864375 0.076875 0.1275
5 0.754375 0.688125 0.02375 0.0475
5 0.389375 0.85 0.065625 0.080625
5 0.416875 0.793125 0.060625 0.085
5 0.428125 0.734375 0.040625 0.0675
5 0.4475 0.69 0.036875 0.05125
5 0.28875 0.828125 0.085625 0.083125
5 0.328125 0.7975 0.059375 0.134375
5 0.369375 0.72375 0.0475 0.051875
5 0.39 0.680625 0.0375 0.065
5 0.178125 0.858125 0.085625 0.106875
5 0.19625 0.9725 0.0875 0.055