5 0.425 0.905625 0.074375 0.116875
5 0.423125 0.75375 0.05625 0.074375
5 0.33375 0.788125 0.07375 0.08875
5 0.640625 0.916875 0.07625 0.130625
5 0.594375 0.83625 0.05 0.1
5 0.554375 0.783125 0.04625 0.098125
5 0.53125 0.71 0.045625 0.078125
5 0.505625 0.66 0.035 0.05875
5 0.8 0.975625 0.113125 0.04875
5 0.72 0.855625 0.073125 0.098125
5 0.6325 0.768125 0.05125 0.066875
5 0.598125 0.718125 0.03125 0.058125
5 0.698125 0.74875 0.045 0.07375
5 0.751875 0.8075 0.063125 0.0925
5 0.840625 0.899375 0.08125 0.104375
5 0.651875 0.696875 0.043125 0.065
5 0.60875 0.648125 0.0375 0.08