5 0.575 0.905625 0.074375 0.116875
5 0.576875 0.75375 0.05625 0.074375
5 0.66625 0.788125 0.07375 0.08875
5 0.359375 0.916875 0.07625 0.130625
5 0.405625 0.83625 0.05 0.1
5 0.445625 0.783125 0.04625 0.098125
5 0.46875 0.71 0.045625 0.078125
5 0.494375 0.66 0.035 0.05875
5 0.2 0.975625 0.113125 0.04875
5 0.28 0.855625 0.073125 0.098125
5 0.3675 0.768125 0.05125 0.066875
5 0.401875 0.718125 0.03125 0.058125
5 0.301875 0.74875 0.045 0.07375
5 0.248125 0.8075 0.063125 0.0925
5 0.159375 0.899375 0.08125 0.104375
5 0.348125 0.696875 0.043125 0.065
5 0.39125 0.648125 0.0375 0.08