5 0.446875 0.78875 0.17625 0.306875
5 0.624375 0.62375 0.194375 0.23625
5 0.700625 0.82125 0.196875 0.264375
5 0.92875 0.815625 0.1425 0.27375
5 0.664375 0.3775 0.145 0.196875
5 0.38375 0.42125 0.14625 0.200625
5 0.2075 0.51625 0.133125 0.215
5 0.144375 0.78625 0.20625 0.36375
5 0.175 0.256875 0.114375 0.17875
5 0.363125 0.23875 0.1375 0.186875
5 0.513125 0.271875 0.145 0.22625
5 0.544375 0.15375 0.09625 0.139375
5 0.468125 0.081875 0.09875 0.12375
5 0.340625 0.138125 0.113125 0.13875
5 0.141875 0.13125 0.1075 0.16
5 0.085 0.059375 0.095625 0.109375
5 0.273125 0.0575 0.094375 0.09625