5 0.451875 0.8675 0.16875 0.265
5 0.653125 0.746875 0.205625 0.259375
5 0.7375 0.9175 0.1625 0.165
5 0.8725 0.745 0.164375 0.2425
5 0.751875 0.543125 0.12 0.143125
5 0.72125 0.441875 0.1025 0.125
5 0.698125 0.345 0.069375 0.106875
5 0.695625 0.26625 0.05375 0.08625
5 0.716875 0.221875 0.05625 0.083125
5 0.599375 0.546875 0.120625 0.18
5 0.57625 0.40625 0.075 0.105
5 0.566875 0.326875 0.073125 0.095625
5 0.61875 0.245 0.068125 0.09125
5 0.450625 0.5925 0.098125 0.143125
5 0.44875 0.44125 0.085625 0.10625
5 0.456875 0.36125 0.05625 0.146875
5 0.238125 0.80375 0.164375 0.235625
5 0.28625 0.5775 0.120625 0.15625
5 0.31125 0.41 0.09375 0.1075
5 0.31375 0.338125 0.06625 0.096875
5 0.315 0.2675 0.044375 0.066875
5 0.191875 0.375 0.088125 0.119375
5 0.22875 0.284375 0.05375 0.084375
5 0.136875 0.483125 0.093125 0.16
5 0.065625 0.635 0.130625 0.19875
5 0.04625 0.85 0.0925 0.3