5 0.415 0.83 0.158125 0.159375
5 0.458125 0.731875 0.14 0.165625
5 0.426875 0.658125 0.129375 0.13625
5 0.47875 0.57625 0.1225 0.123125
5 0.480625 0.484375 0.094375 0.08625
5 0.525625 0.421875 0.10875 0.13875
5 0.5325 0.365625 0.08125 0.074375
5 0.5475 0.32375 0.068125 0.1025
5 0.73375 0.825625 0.1725 0.233125
5 0.68 0.7175 0.129375 0.120625
5 0.69875 0.645625 0.128125 0.12375
5 0.67375 0.54125 0.10375 0.135
5 0.709375 0.448125 0.106875 0.11375
5 0.695625 0.351875 0.08 0.101875
5 0.095625 0.76 0.190625 0.295625
5 0.206875 0.58 0.146875 0.174375
5 0.305 0.536875 0.119375 0.191875
5 0.299375 0.415625 0.08875 0.095625
5 0.36375 0.370625 0.133125 0.130625