5 0.401875 0.7875 0.116875 0.23125
5 0.458125 0.44125 0.0675 0.126875
5 0.373125 0.455625 0.065625 0.16
5 0.62375 0.398125 0.085625 0.14625
5 0.788125 0.540625 0.121875 0.11875
5 0.71875 0.445 0.07625 0.104375
5 0.54375 0.300625 0.06125 0.126875
5 0.479375 0.319375 0.0575 0.125
5 0.966875 0.868125 0.06625 0.23125
5 0.846875 0.91375 0.15 0.1725
5 0.155625 0.90375 0.126875 0.191875
5 0.330625 0.168125 0.06625 0.103125
5 0.303125 0.36625 0.084375 0.108125
2 0.536875 0.8975 0.1025 0.204375
2 0.275625 0.8575 0.081875 0.245
2 0.52625 0.401875 0.060625 0.13875
5 0.81625 0.71125 0.07375 0.219375
5 0.423125 0.2625 0.065 0.12625
5 0.2575 0.249375 0.0525 0.13
5 0.63875 0.5975 0.1 0.1575