5 0.360625 0.793125 0.145625 0.19
5 0.074375 0.778125 0.10875 0.194375
5 0.31375 0.553125 0.116875 0.133125
5 0.1125 0.58625 0.114375 0.120625
5 0.13 0.48 0.15125 0.10625
5 0.290625 0.441875 0.09375 0.108125
5 0.53125 0.621875 0.1175 0.1275
5 0.6225 0.796875 0.13375 0.1475
5 0.72625 0.939375 0.16 0.116875
5 0.50625 0.55625 0.109375 0.08625
5 0.48625 0.475 0.085625 0.080625
5 0.42625 0.4525 0.0825 0.085625
5 0.385 0.40375 0.070625 0.08625
5 0.2525 0.36875 0.091875 0.080625
5 0.12625 0.334375 0.07625 0.09
5 0.12 0.24 0.04375 0.059375
5 0.635 0.41 0.085 0.099375
5 0.700625 0.47125 0.06 0.0775
5 0.7575 0.505 0.105 0.13125
5 0.86 0.600625 0.109375 0.115625
5 0.95625 0.740625 0.0875 0.13375
5 0.91625 0.490625 0.09875 0.081875
5 0.86125 0.36125 0.066875 0.104375
5 0.659375 0.3 0.084375 0.07125
5 0.549375 0.331875 0.079375 0.065625
5 0.42 0.19875 0.066875 0.04125