5 0.635 0.8375 0.123125 0.16875
5 0.345625 0.88625 0.15375 0.153125
5 0.11375 0.85375 0.156875 0.149375
5 0.18875 0.8375 0.106875 0.173125
5 0.056875 0.73375 0.11375 0.16
5 0.51125 0.7225 0.1025 0.153125
5 0.555 0.80125 0.106875 0.151875
5 0.925 0.871875 0.15 0.16625
5 0.745 0.873125 0.14875 0.126875
5 0.44 0.641875 0.11 0.155625
5 0.34875 0.87375 0.1275 0.149375
5 0.785625 0.78 0.12125 0.104375
5 0.625 0.6675 0.1125 0.095
5 0.518125 0.7175 0.091875 0.14375
5 0.77875 0.695 0.11625 0.0775
5 0.89375 0.685625 0.0975 0.120625