5 0.544375 0.94625 0.140625 0.106875
5 0.456875 0.90875 0.109375 0.16875
5 0.608125 0.875625 0.158125 0.19125
5 0.721875 0.948125 0.13375 0.10375
5 0.81875 0.821875 0.10625 0.13125
5 0.693125 0.67125 0.12125 0.13625
5 0.625625 0.72625 0.08125 0.114375
5 0.550625 0.6775 0.088125 0.10625
5 0.448125 0.755625 0.09 0.155625
5 0.393125 0.814375 0.123125 0.15375
5 0.925 0.675625 0.11 0.114375
5 0.6875 0.5675 0.1075 0.108125
5 0.81875 0.52125 0.06875 0.07875
5 0.278125 0.5825 0.14125 0.1675
5 0.12625 0.74625 0.13 0.163125
5 0.343125 0.514375 0.084375 0.11625
5 0.3775 0.43875 0.079375 0.126875
5 0.224375 0.45125 0.094375 0.105625
5 0.185625 0.366875 0.089375 0.0975
5 0.081875 0.434375 0.08625 0.105625
5 0.27 0.325625 0.080625 0.088125
5 0.398125 0.39125 0.086875 0.113125
5 0.8325 0.47625 0.069375 0.086875
5 0.04 0.72375 0.08 0.15