5 0.455625 0.94625 0.140625 0.106875
5 0.543125 0.90875 0.109375 0.16875
5 0.391875 0.875625 0.158125 0.19125
5 0.278125 0.948125 0.13375 0.10375
5 0.18125 0.821875 0.10625 0.13125
5 0.306875 0.67125 0.12125 0.13625
5 0.374375 0.72625 0.08125 0.114375
5 0.449375 0.6775 0.088125 0.10625
5 0.551875 0.755625 0.09 0.155625
5 0.606875 0.814375 0.123125 0.15375
5 0.075 0.675625 0.11 0.114375
5 0.3125 0.5675 0.1075 0.108125
5 0.18125 0.52125 0.06875 0.07875
5 0.721875 0.5825 0.14125 0.1675
5 0.87375 0.74625 0.13 0.163125
5 0.656875 0.514375 0.084375 0.11625
5 0.6225 0.43875 0.079375 0.126875
5 0.775625 0.45125 0.094375 0.105625
5 0.814375 0.366875 0.089375 0.0975
5 0.918125 0.434375 0.08625 0.105625
5 0.73 0.325625 0.080625 0.088125
5 0.601875 0.39125 0.086875 0.113125
5 0.1675 0.47625 0.069375 0.086875
5 0.96 0.72375 0.08 0.15