5 0.615625 0.691875 0.17 0.17125
5 0.494375 0.8125 0.174375 0.156875
5 0.33875 0.726875 0.20875 0.18125
5 0.164375 0.701875 0.181875 0.20125
5 0.185625 0.844375 0.2125 0.125625
5 0.670625 0.61 0.148125 0.126875
5 0.605 0.695 0.1925 0.178125
5 0.499375 0.57375 0.14875 0.11125
5 0.0725 0.568125 0.145 0.15875
5 0.179375 0.50125 0.16 0.155625
5 0.30625 0.46 0.12125 0.125
5 0.353125 0.3825 0.0925 0.12125
5 0.413125 0.356875 0.071875 0.085625
5 0.456875 0.321875 0.073125 0.08375
5 0.54875 0.291875 0.088125 0.08125
5 0.64 0.455625 0.083125 0.084375
5 0.593125 0.368125 0.084375 0.10875
5 0.70625 0.356875 0.084375 0.101875
5 0.09 0.405625 0.11625 0.105
2 0.235625 0.3675 0.085 0.118125
2 0.3075 0.3125 0.084375 0.08625
2 0.06125 0.32375 0.0925 0.0925
2 0.7175 0.471875 0.09125 0.10125
2 0.91125 0.213125 0.0525 0.0975
4 0.865 0.610625 0.26125 0.405