2 0.186875 0.75125 0.149375 0.211875
2 0.311875 0.648125 0.105 0.18
2 0.45875 0.640625 0.088125 0.175625
2 0.371875 0.533125 0.09125 0.145
2 0.5175 0.4925 0.105 0.14875
2 0.4175 0.450625 0.07875 0.144375
2 0.558125 0.3325 0.045625 0.12375
2 0.635625 0.3925 0.085625 0.1225
2 0.653125 0.22125 0.05875 0.076875
2 0.599375 0.186875 0.04375 0.065625
5 0.518125 0.786875 0.125625 0.271875
5 0.698125 0.880625 0.148125 0.238125
5 0.78125 0.735 0.104375 0.22125
5 0.62875 0.613125 0.125 0.215625
5 0.215625 0.514375 0.158125 0.14
5 0.271875 0.396875 0.105 0.105625
4 0.81125 0.251875 0.17875 0.29625