2 0.51 0.848125 0.13875 0.105
2 0.8875 0.528125 0.10375 0.079375
5 0.725625 0.88875 0.166875 0.13625
5 0.356875 0.74125 0.13 0.125625
5 0.25875 0.811875 0.246875 0.1375
5 0.210625 0.916875 0.1475 0.116875
5 0.51 0.94625 0.215 0.1075
5 0.455625 0.615625 0.1275 0.104375
5 0.65625 0.585625 0.100625 0.07
5 0.5925 0.4375 0.118125 0.07875
5 0.254375 0.60375 0.169375 0.116875
5 0.190625 0.69375 0.1075 0.060625
5 0.548125 0.749375 0.116875 0.1275
5 0.105625 0.625625 0.126875 0.099375
5 0.374375 0.42 0.089375 0.084375
5 0.4675 0.355 0.068125 0.058125