2 0.49 0.848125 0.13875 0.105
2 0.1125 0.528125 0.10375 0.079375
5 0.274375 0.88875 0.166875 0.13625
5 0.643125 0.74125 0.13 0.125625
5 0.74125 0.811875 0.246875 0.1375
5 0.789375 0.916875 0.1475 0.116875
5 0.49 0.94625 0.215 0.1075
5 0.544375 0.615625 0.1275 0.104375
5 0.34375 0.585625 0.100625 0.07
5 0.4075 0.4375 0.118125 0.07875
5 0.745625 0.60375 0.169375 0.116875
5 0.809375 0.69375 0.1075 0.060625
5 0.451875 0.749375 0.116875 0.1275
5 0.894375 0.625625 0.126875 0.099375
5 0.625625 0.42 0.089375 0.084375
5 0.5325 0.355 0.068125 0.058125