5 0.551875 0.94125 0.12 0.116875
5 0.376875 0.9175 0.14125 0.164375
5 0.416875 0.77 0.094375 0.130625
5 0.256875 0.8175 0.13625 0.1775
5 0.16625 0.7775 0.113125 0.145625
5 0.245625 0.653125 0.08625 0.13375
5 0.4625 0.678125 0.09375 0.08875
5 0.57 0.7325 0.095 0.086875
5 0.55875 0.82125 0.115 0.100625
5 0.708125 0.763125 0.100625 0.090625
5 0.7225 0.8475 0.118125 0.095
5 0.809375 0.67625 0.091875 0.133125
5 0.57375 0.595625 0.060625 0.065
5 0.37625 0.603125 0.08375 0.091875
5 0.160625 0.535 0.0675 0.086875
5 0.744375 0.93625 0.15625 0.1275
5 0.879375 0.8525 0.095 0.126875
5 0.920625 0.9325 0.11125 0.135
5 0.490625 0.533125 0.08 0.063125
5 0.38125 0.541875 0.065625 0.080625
5 0.914375 0.464375 0.08 0.13125
5 0.86625 0.39 0.058125 0.061875