5 0.55375 0.863125 0.150625 0.27375
5 0.359375 0.753125 0.1625 0.24375
5 0.27125 0.941875 0.200625 0.115625
5 0.128125 0.746875 0.17 0.25875
5 0.23 0.549375 0.11375 0.148125
5 0.38375 0.546875 0.11 0.166875
5 0.42 0.42 0.076875 0.1025
5 0.429375 0.33875 0.083125 0.1025
5 0.368125 0.25625 0.08125 0.090625
5 0.35 0.17125 0.051875 0.093125
5 0.540625 0.60375 0.113125 0.16625
5 0.551875 0.45875 0.079375 0.111875
5 0.5375 0.358125 0.084375 0.118125
5 0.505 0.2725 0.05125 0.105
5 0.473125 0.223125 0.035 0.08
5 0.775625 0.806875 0.1225 0.1975
5 0.7125 0.576875 0.0925 0.15375
5 0.701875 0.4175 0.07375 0.093125
5 0.693125 0.333125 0.06125 0.073125
5 0.686875 0.269375 0.04375 0.06375
5 0.66875 0.208125 0.04625 0.07125
5 0.9475 0.831875 0.105 0.211875
5 0.92125 0.624375 0.109375 0.2075
5 0.841875 0.480625 0.12 0.1375
5 0.809375 0.371875 0.081875 0.105
5 0.775625 0.288125 0.07125 0.105625
5 0.736875 0.220625 0.046875 0.07