5 0.44625 0.863125 0.150625 0.27375
5 0.640625 0.753125 0.1625 0.24375
5 0.72875 0.941875 0.200625 0.115625
5 0.871875 0.746875 0.17 0.25875
5 0.77 0.549375 0.11375 0.148125
5 0.61625 0.546875 0.11 0.166875
5 0.58 0.42 0.076875 0.1025
5 0.570625 0.33875 0.083125 0.1025
5 0.631875 0.25625 0.08125 0.090625
5 0.65 0.17125 0.051875 0.093125
5 0.459375 0.60375 0.113125 0.16625
5 0.448125 0.45875 0.079375 0.111875
5 0.4625 0.358125 0.084375 0.118125
5 0.495 0.2725 0.05125 0.105
5 0.526875 0.223125 0.035 0.08
5 0.224375 0.806875 0.1225 0.1975
5 0.2875 0.576875 0.0925 0.15375
5 0.298125 0.4175 0.07375 0.093125
5 0.306875 0.333125 0.06125 0.073125
5 0.313125 0.269375 0.04375 0.06375
5 0.33125 0.208125 0.04625 0.07125
5 0.0525 0.831875 0.105 0.211875
5 0.07875 0.624375 0.109375 0.2075
5 0.158125 0.480625 0.12 0.1375
5 0.190625 0.371875 0.081875 0.105
5 0.224375 0.288125 0.07125 0.105625
5 0.263125 0.220625 0.046875 0.07