5 0.570625 0.589375 0.100625 0.143125
5 0.626875 0.791875 0.146875 0.176875
5 0.849375 0.781875 0.15875 0.17875
5 0.9375 0.9 0.12 0.2
5 0.95375 0.695625 0.0925 0.155625
5 0.905625 0.596875 0.09 0.12125
5 0.765 0.635 0.109375 0.143125
5 0.66625 0.506875 0.081875 0.09125
5 0.5225 0.485625 0.095 0.11625
5 0.72875 0.4025 0.073125 0.08
5 0.796875 0.45875 0.068125 0.098125
5 0.8375 0.530625 0.08625 0.098125
5 0.939375 0.465 0.109375 0.124375
5 0.7225 0.40625 0.06625 0.0975
5 0.686875 0.35375 0.0625 0.06875
5 0.60125 0.36625 0.065625 0.07625
5 0.515 0.41125 0.080625 0.1025
5 0.483125 0.35125 0.07 0.0775
5 0.448125 0.263125 0.045625 0.050625
5 0.083125 0.24625 0.054375 0.0525