5 0.90375 0.675 0.116875 0.13625
5 0.7625 0.774375 0.153125 0.16
5 0.5675 0.955 0.125 0.09
5 0.65 0.849375 0.138125 0.149375
5 0.36375 0.9475 0.149375 0.105
5 0.493125 0.8575 0.13625 0.15625
5 0.609375 0.753125 0.135 0.15125
5 0.904375 0.52 0.1225 0.143125
5 0.749375 0.645 0.14 0.149375
5 0.536875 0.651875 0.150625 0.163125
5 0.398125 0.775625 0.14375 0.1575
5 0.28625 0.87625 0.1375 0.18125
5 0.19 0.8 0.129375 0.178125
5 0.078125 0.90375 0.140625 0.150625
5 0.36375 0.67125 0.12625 0.139375
5 0.455 0.601875 0.145 0.16125
5 0.575 0.505 0.105625 0.141875
5 0.74375 0.513125 0.131875 0.133125
5 0.71875 0.4075 0.149375 0.156875
5 0.838125 0.42625 0.16125 0.11625
5 0.626875 0.345625 0.1125 0.13
5 0.5275 0.449375 0.140625 0.183125
5 0.404375 0.505625 0.1475 0.12875
5 0.141875 0.726875 0.1475 0.145625
5 0.27375 0.478125 0.13375 0.1325
5 0.164375 0.561875 0.114375 0.128125
5 0.386875 0.376875 0.13875 0.129375
5 0.50625 0.324375 0.12625 0.093125
5 0.595625 0.24875 0.149375 0.1125
5 0.4325 0.26375 0.11875 0.1175
5 0.08875 0.511875 0.134375 0.15125
5 0.263125 0.16375 0.15875 0.0925
5 0.38 0.0775 0.133125 0.105
5 0.54 0.085625 0.136875 0.0925
5 0.815625 0.09 0.124375 0.115
5 0.85 0.1925 0.120625 0.10875
5 0.940625 0.108125 0.101875 0.113125