5 0.194375 0.93375 0.12375 0.1325
5 0.2425 0.860625 0.1075 0.145625
5 0.25375 0.791875 0.099375 0.1275
5 0.31 0.723125 0.09625 0.133125
5 0.4125 0.745625 0.07125 0.08875
5 0.398125 0.82875 0.091875 0.125
5 0.3775 0.933125 0.13 0.13375
5 0.5475 0.801875 0.09625 0.125
5 0.54125 0.739375 0.08 0.09
5 0.549375 0.69375 0.104375 0.083125
5 0.506875 0.574375 0.0875 0.09875
5 0.630625 0.66625 0.09 0.095
5 0.916875 0.7075 0.0975 0.13125
5 0.8925 0.656875 0.113125 0.144375
5 0.819375 0.576875 0.068125 0.07375
5 0.76875 0.54875 0.065625 0.089375