5 0.51875 0.689375 0.14875 0.166875
5 0.463125 0.550625 0.055 0.15625
5 0.464375 0.40625 0.06625 0.150625
5 0.630625 0.5125 0.126875 0.07625
5 0.635 0.59875 0.103125 0.066875
5 0.68625 0.641875 0.111875 0.10625
5 0.81125 0.69875 0.16875 0.114375
5 0.535625 0.77625 0.17125 0.163125
5 0.388125 0.645625 0.100625 0.1225
5 0.213125 0.91875 0.139375 0.161875
5 0.350625 0.76625 0.15125 0.16875
5 0.449375 0.2625 0.054375 0.0925
5 0.065625 0.90875 0.1275 0.1825
5 0.495 0.190625 0.044375 0.070625
5 0.94875 0.56125 0.081875 0.139375