5 0.48125 0.689375 0.14875 0.166875
5 0.536875 0.550625 0.055 0.15625
5 0.535625 0.40625 0.06625 0.150625
5 0.369375 0.5125 0.126875 0.07625
5 0.365 0.59875 0.103125 0.066875
5 0.31375 0.641875 0.111875 0.10625
5 0.18875 0.69875 0.16875 0.114375
5 0.464375 0.77625 0.17125 0.163125
5 0.611875 0.645625 0.100625 0.1225
5 0.786875 0.91875 0.139375 0.161875
5 0.649375 0.76625 0.15125 0.16875
5 0.550625 0.2625 0.054375 0.0925
5 0.934375 0.90875 0.1275 0.1825
5 0.505 0.190625 0.044375 0.070625
5 0.05125 0.56125 0.081875 0.139375