5 0.26375 0.585625 0.124375 0.1475
5 0.348125 0.439375 0.09 0.0875
5 0.718125 0.949375 0.13625 0.10125
5 0.51625 0.953125 0.144375 0.093125
5 0.42375 0.9125 0.151875 0.154375
5 0.36625 0.81 0.091875 0.136875
5 0.5275 0.66875 0.095625 0.0775
5 0.681875 0.6475 0.08625 0.07375
5 0.66125 0.54625 0.08125 0.07875
5 0.815 0.529375 0.08 0.069375
5 0.21 0.436875 0.08375 0.0775
5 0.056875 0.42125 0.11375 0.105625
5 0.163125 0.36375 0.11125 0.084375
5 0.253125 0.335 0.06875 0.070625
5 0.348125 0.2825 0.08 0.085
2 0.83 0.6925 0.083125 0.084375
2 0.725 0.80375 0.108125 0.109375
2 0.510625 0.775625 0.113125 0.136875
2 0.76375 0.574375 0.078125 0.100625
2 0.920625 0.948125 0.10875 0.10375
2 0.2625 0.446875 0.07 0.0975
5 0.60625 0.845625 0.10625 0.144375
4 0.9275 0.490625 0.126875 0.225
4 0.1875 0.230625 0.196875 0.14875