2 0.87 0.7425 0.235 0.328125
2 0.719375 0.66 0.13375 0.264375
2 0.641875 0.608125 0.113125 0.226875
2 0.476875 0.57375 0.12125 0.133125
2 0.300625 0.616875 0.188125 0.21375
2 0.0675 0.571875 0.114375 0.180625
2 0.703125 0.425 0.096875 0.105
2 0.84375 0.505625 0.075 0.088125
2 0.483125 0.34 0.080625 0.093125
5 0.51125 0.805625 0.186875 0.388125
5 0.1825 0.741875 0.295 0.351875
5 0.371875 0.4375 0.1625 0.094375
5 0.353125 0.52 0.15875 0.158125
5 0.194375 0.430625 0.123125 0.1525
5 0.39375 0.3575 0.090625 0.076875
2 0.63875 0.395625 0.076875 0.1375