5 0.713125 0.75125 0.15375 0.186875
5 0.5625 0.908125 0.18 0.18375
5 0.46875 0.669375 0.116875 0.12875
5 0.43375 0.555 0.114375 0.16
5 0.600625 0.53125 0.11875 0.13
5 0.565625 0.46125 0.07875 0.108125
5 0.496875 0.359375 0.084375 0.0725
5 0.3775 0.431875 0.100625 0.106875
5 0.36875 0.35625 0.0925 0.07875
5 0.35875 0.28125 0.0725 0.095625
5 0.461875 0.323125 0.05875 0.11375
5 0.260625 0.893125 0.163125 0.208125
5 0.25875 0.74 0.141875 0.134375
5 0.22625 0.595625 0.14125 0.170625
5 0.245 0.460625 0.1225 0.09875
5 0.235 0.3825 0.065 0.11375
5 0.085625 0.394375 0.0825 0.115625
5 0.075625 0.50875 0.106875 0.109375
5 0.05625 0.628125 0.1125 0.21375
5 0.05 0.83 0.099375 0.1675
5 0.12125 0.35 0.0925 0.15875
5 0.239375 0.290625 0.08625 0.11875
5 0.236875 0.20125 0.04875 0.0725
5 0.628125 0.325625 0.0725 0.109375
5 0.78875 0.4375 0.086875 0.09625
5 0.73625 0.395625 0.065 0.105
5 0.818125 0.348125 0.05375 0.066875
5 0.9125 0.406875 0.083125 0.105
5 0.924375 0.566875 0.086875 0.121875