5 0.286875 0.75125 0.15375 0.186875
5 0.4375 0.908125 0.18 0.18375
5 0.53125 0.669375 0.116875 0.12875
5 0.56625 0.555 0.114375 0.16
5 0.399375 0.53125 0.11875 0.13
5 0.434375 0.46125 0.07875 0.108125
5 0.503125 0.359375 0.084375 0.0725
5 0.6225 0.431875 0.100625 0.106875
5 0.63125 0.35625 0.0925 0.07875
5 0.64125 0.28125 0.0725 0.095625
5 0.538125 0.323125 0.05875 0.11375
5 0.739375 0.893125 0.163125 0.208125
5 0.74125 0.74 0.141875 0.134375
5 0.77375 0.595625 0.14125 0.170625
5 0.755 0.460625 0.1225 0.09875
5 0.765 0.3825 0.065 0.11375
5 0.914375 0.394375 0.0825 0.115625
5 0.924375 0.50875 0.106875 0.109375
5 0.94375 0.628125 0.1125 0.21375
5 0.95 0.83 0.099375 0.1675
5 0.87875 0.35 0.0925 0.15875
5 0.760625 0.290625 0.08625 0.11875
5 0.763125 0.20125 0.04875 0.0725
5 0.371875 0.325625 0.0725 0.109375
5 0.21125 0.4375 0.086875 0.09625
5 0.26375 0.395625 0.065 0.105
5 0.181875 0.348125 0.05375 0.066875
5 0.0875 0.406875 0.083125 0.105
5 0.075625 0.566875 0.086875 0.121875