5 0.40375 0.736875 0.135 0.235
5 0.385 0.58875 0.1025 0.15875
5 0.358125 0.473125 0.08875 0.135
5 0.3775 0.42375 0.09 0.128125
5 0.34875 0.359375 0.08875 0.119375
5 0.513125 0.579375 0.096875 0.16625
5 0.596875 0.7025 0.110625 0.188125
5 0.655625 0.894375 0.133125 0.210625
5 0.84875 0.87375 0.12875 0.248125
5 0.785625 0.705 0.098125 0.148125
5 0.71875 0.59875 0.10125 0.148125
5 0.680625 0.54 0.069375 0.118125
5 0.6275 0.410625 0.078125 0.12375
5 0.173125 0.79 0.145 0.270625
5 0.2425 0.634375 0.1125 0.210625
5 0.1825 0.49375 0.0975 0.158125
5 0.216875 0.430625 0.0825 0.133125
5 0.243125 0.375625 0.089375 0.146875
5 0.235625 0.305625 0.058125 0.1
5 0.5325 0.220625 0.06125 0.061875
5 0.5475 0.2725 0.07 0.081875
5 0.569375 0.33125 0.066875 0.101875
5 0.59625 0.384375 0.0925 0.1375