5 0.43375 0.855625 0.655625 0.28875
5 0.498125 0.625 0.243125 0.115
5 0.48625 0.554375 0.149375 0.126875
5 0.831875 0.705 0.1425 0.26625
5 0.7875 0.678125 0.11 0.26375
5 0.733125 0.620625 0.119375 0.25
5 0.675625 0.54375 0.140625 0.203125
5 0.6275 0.488125 0.09375 0.165625
5 0.06375 0.775625 0.1275 0.276875
5 0.1675 0.7275 0.109375 0.250625
5 0.153125 0.628125 0.15375 0.219375
5 0.24375 0.62125 0.103125 0.163125
5 0.223125 0.5625 0.11 0.12875
5 0.284375 0.5725 0.103125 0.1675
5 0.30375 0.491875 0.09 0.103125
5 0.31125 0.42875 0.085625 0.12125