5 0.755625 0.834375 0.16875 0.289375
5 0.230625 0.91125 0.115625 0.166875
5 0.428125 0.8575 0.1225 0.1925
5 0.1975 0.753125 0.10875 0.141875
5 0.11875 0.696875 0.084375 0.1475
5 0.320625 0.733125 0.090625 0.14625
5 0.236875 0.6525 0.070625 0.13875
5 0.17375 0.61375 0.065625 0.105
5 0.446875 0.669375 0.07125 0.1125
5 0.543125 0.778125 0.079375 0.1675
2 0.593125 0.936875 0.095 0.125625
2 0.605 0.830625 0.084375 0.095
5 0.58625 0.65 0.060625 0.108125
5 0.39875 0.6325 0.06375 0.11375
2 0.50125 0.61375 0.046875 0.100625
2 0.560625 0.571875 0.045625 0.085
2 0.521875 0.534375 0.04625 0.08
5 0.59125 0.54125 0.061875 0.09875