5 0.56625 0.855625 0.655625 0.28875
5 0.501875 0.625 0.243125 0.115
5 0.51375 0.554375 0.149375 0.126875
5 0.168125 0.705 0.1425 0.26625
5 0.2125 0.678125 0.11 0.26375
5 0.266875 0.620625 0.119375 0.25
5 0.324375 0.54375 0.140625 0.203125
5 0.3725 0.488125 0.09375 0.165625
5 0.93625 0.775625 0.1275 0.276875
5 0.8325 0.7275 0.109375 0.250625
5 0.846875 0.628125 0.15375 0.219375
5 0.75625 0.62125 0.103125 0.163125
5 0.776875 0.5625 0.11 0.12875
5 0.715625 0.5725 0.103125 0.1675
5 0.69625 0.491875 0.09 0.103125
5 0.68875 0.42875 0.085625 0.12125