5 0.735 0.90125 0.05875 0.1025
5 0.714375 0.8325 0.059375 0.074375
5 0.72875 0.78 0.053125 0.07375
5 0.695 0.733125 0.03 0.093125
5 0.648125 0.85 0.050625 0.079375
5 0.603125 0.801875 0.05 0.085
5 0.613125 0.735625 0.065625 0.08375
5 0.740625 0.7 0.055625 0.086875
5 0.689375 0.63625 0.026875 0.053125
5 0.526875 0.7575 0.048125 0.06875
5 0.643125 0.636875 0.036875 0.061875
5 0.52125 0.66375 0.044375 0.08375
5 0.438125 0.665 0.0475 0.085625
5 0.405 0.829375 0.058125 0.08375
5 0.4525 0.7775 0.050625 0.098125
5 0.295625 0.714375 0.056875 0.065625
5 0.3575 0.65875 0.044375 0.05375