5 0.53 0.769375 0.08625 0.18875
5 0.25625 0.828125 0.131875 0.236875
5 0.096875 0.864375 0.130625 0.22125
5 0.221875 0.619375 0.08375 0.15125
5 0.306875 0.60625 0.08 0.134375
5 0.351875 0.499375 0.050625 0.093125
5 0.264375 0.495 0.05625 0.095
5 0.314375 0.436875 0.048125 0.0775
5 0.35625 0.425625 0.041875 0.079375
5 0.448125 0.62 0.0775 0.1325
5 0.536875 0.606875 0.05625 0.125625
5 0.576875 0.50375 0.048125 0.098125
5 0.63875 0.49375 0.05 0.086875
5 0.67875 0.593125 0.055625 0.103125
5 0.50375 0.3925 0.024375 0.0775
5 0.3725 0.37125 0.04 0.08
2 0.523125 0.483125 0.036875 0.075625