5 0.73625 0.585625 0.124375 0.1475
5 0.651875 0.439375 0.09 0.0875
5 0.281875 0.949375 0.13625 0.10125
5 0.48375 0.953125 0.144375 0.093125
5 0.57625 0.9125 0.151875 0.154375
5 0.63375 0.81 0.091875 0.136875
5 0.4725 0.66875 0.095625 0.0775
5 0.318125 0.6475 0.08625 0.07375
5 0.33875 0.54625 0.08125 0.07875
5 0.185 0.529375 0.08 0.069375
5 0.79 0.436875 0.08375 0.0775
5 0.943125 0.42125 0.11375 0.105625
5 0.836875 0.36375 0.11125 0.084375
5 0.746875 0.335 0.06875 0.070625
5 0.651875 0.2825 0.08 0.085
2 0.17 0.6925 0.083125 0.084375
2 0.275 0.80375 0.108125 0.109375
2 0.489375 0.775625 0.113125 0.136875
2 0.23625 0.574375 0.078125 0.100625
2 0.079375 0.948125 0.10875 0.10375
2 0.7375 0.446875 0.07 0.0975
5 0.39375 0.845625 0.10625 0.144375
4 0.0725 0.490625 0.126875 0.225
4 0.8125 0.230625 0.196875 0.14875