5 0.265 0.90125 0.05875 0.1025
5 0.285625 0.8325 0.059375 0.074375
5 0.27125 0.78 0.053125 0.07375
5 0.305 0.733125 0.03 0.093125
5 0.351875 0.85 0.050625 0.079375
5 0.396875 0.801875 0.05 0.085
5 0.386875 0.735625 0.065625 0.08375
5 0.259375 0.7 0.055625 0.086875
5 0.310625 0.63625 0.026875 0.053125
5 0.473125 0.7575 0.048125 0.06875
5 0.356875 0.636875 0.036875 0.061875
5 0.47875 0.66375 0.044375 0.08375
5 0.561875 0.665 0.0475 0.085625
5 0.595 0.829375 0.058125 0.08375
5 0.5475 0.7775 0.050625 0.098125
5 0.704375 0.714375 0.056875 0.065625
5 0.6425 0.65875 0.044375 0.05375