5 0.47 0.769375 0.08625 0.18875
5 0.74375 0.828125 0.131875 0.236875
5 0.903125 0.864375 0.130625 0.22125
5 0.778125 0.619375 0.08375 0.15125
5 0.693125 0.60625 0.08 0.134375
5 0.648125 0.499375 0.050625 0.093125
5 0.735625 0.495 0.05625 0.095
5 0.685625 0.436875 0.048125 0.0775
5 0.64375 0.425625 0.041875 0.079375
5 0.551875 0.62 0.0775 0.1325
5 0.463125 0.606875 0.05625 0.125625
5 0.423125 0.50375 0.048125 0.098125
5 0.36125 0.49375 0.05 0.086875
5 0.32125 0.593125 0.055625 0.103125
5 0.49625 0.3925 0.024375 0.0775
5 0.6275 0.37125 0.04 0.08
2 0.476875 0.483125 0.036875 0.075625